<?xml version="1.0"?>
<opencv_storage>
<opencv_lbphfaces>
  <threshold>1.7976931348623157e+308</threshold>
  <radius>2</radius>
  <neighbors>2</neighbors>
  <grid_x>7</grid_x>
  <grid_y>7</grid_y>
  <histograms>
    <_ type_id="opencv-matrix">
      <rows>1</rows>
      <cols>196</cols>
      <dt>f</dt>
      <data>
        1.49234697e-01 4.24744904e-01 8.80101994e-02 3.38010192e-01
        1.17346935e-01 4.38775510e-01 1.26275510e-01 3.17602038e-01
        1.44132644e-01 4.63010192e-01 7.52551034e-02 3.17602038e-01
        1.47959188e-01 4.09438759e-01 5.73979579e-02 3.85204077e-01
        1.61989793e-01 3.85204077e-01 1.05867341e-01 3.46938759e-01
        1.58163264e-01 3.49489778e-01 1.39030606e-01 3.53316307e-01
        1.60714284e-01 3.60969394e-01 1.13520406e-01 3.64795923e-01
        1.18622445e-01 4.61734682e-01 1.63265303e-01 2.56377548e-01
        1.21173464e-01 4.64285702e-01 1.27551019e-01 2.86989778e-01
        1.68367341e-01 3.43112230e-01 1.31377548e-01 3.57142836e-01
        1.92602038e-01 2.30867341e-01 2.38520399e-01 3.38010192e-01
        1.47959188e-01 3.38010192e-01 2.18112245e-01 2.95918375e-01
        1.39030606e-01 4.38775510e-01 1.49234697e-01 2.72959173e-01
        1.88775510e-01 2.69132644e-01 2.44897962e-01 2.97193885e-01
        8.41836706e-02 2.55102038e-01 5.28061211e-01 1.32653058e-01
        9.82142836e-02 2.41071418e-01 4.74489778e-01 1.86224490e-01
        9.31122452e-02 3.64795923e-01 3.40561211e-01 2.01530606e-01
        9.05612260e-02 1.98979586e-01 5.28061211e-01 1.82397962e-01
        9.43877548e-02 2.13010207e-01 3.13775510e-01 3.78826529e-01
        7.39795938e-02 7.28316307e-01 3.57142836e-02 1.61989793e-01
        1.16071425e-01 2.21938774e-01 4.38775510e-01 2.23214284e-01
        8.54591802e-02 3.58418345e-01 3.86479586e-01 1.69642851e-01
        7.65306130e-02 2.18112245e-01 6.02040827e-01 1.03316322e-01
        9.31122452e-02 4.84693870e-02 6.73469365e-01 1.84948981e-01
        9.56632644e-02 2.93367326e-01 3.20153058e-01 2.90816307e-01
        3.95408161e-02 6.53061211e-01 9.82142836e-02 2.09183663e-01
        3.69897969e-02 8.59693885e-01 1.27551015e-02 9.05612260e-02
        1.36479586e-01 6.05867326e-01 8.29081610e-02 1.74744889e-01
        1.51785716e-01 2.20663264e-01 4.54081625e-01 1.73469380e-01
        7.14285672e-02 3.57142836e-02 7.51275480e-01 1.41581625e-01
        9.69387740e-02 1.88775510e-01 2.86989778e-01 4.27295923e-01
        7.01530576e-02 4.45153058e-01 1.46683663e-01 3.38010192e-01
        2.55102036e-03 9.61734653e-01 0. 3.57142836e-02 6.76020384e-02
        7.99744904e-01 2.55102036e-03 1.30102038e-01 1.88775510e-01
        4.80867326e-01 6.50510192e-02 2.65306115e-01 9.56632644e-02
        6.76020384e-02 7.28316307e-01 1.08418368e-01 8.54591802e-02
        1.25000000e-01 4.19642836e-01 3.69897962e-01 7.90816322e-02
        3.48214269e-01 1.88775510e-01 3.83928567e-01 6.50510192e-02
        6.03316307e-01 1.50510207e-01 1.81122452e-01 9.05612260e-02
        5.91836751e-01 1.78571418e-01 1.39030606e-01 1.51785716e-01
        3.87755096e-01 2.07908154e-01 2.52551019e-01 1.25000000e-01
        4.45153058e-01 2.41071418e-01 1.88775510e-01 6.50510192e-02
        1.41581625e-01 4.97448981e-01 2.95918375e-01 4.33673449e-02
        2.43622437e-01 3.18877548e-01 3.94132644e-01 7.78061226e-02
        6.04591846e-01 9.31122452e-02 2.24489793e-01 4.08163257e-02
        7.52551019e-01 1.00765303e-01 1.05867341e-01 9.94897932e-02
        6.56887770e-01 1.33928567e-01 1.09693877e-01 7.39795938e-02
        2.55102038e-01 5.00000000e-01 1.70918360e-01 8.03571418e-02
        5.21683633e-01 2.62755096e-01 1.35204077e-01</data></_>
    <_ type_id="opencv-matrix">
      <rows>1</rows>
      <cols>196</cols>
      <dt>f</dt>
      <data>
        7.24852085e-02 2.45562136e-01 6.22781098e-01 5.91715984e-02
        9.31952670e-02 8.72781053e-02 5.36982238e-01 2.82544374e-01
        8.57988149e-02 1.74556211e-01 3.66863906e-01 3.72781068e-01
        4.58579883e-02 7.61834323e-01 2.36686394e-02 1.68639049e-01
        2.07100585e-02 9.49704170e-01 0. 2.95857992e-02 1.09467454e-01
        6.93786979e-01 1.47928996e-02 1.81952670e-01 2.33727813e-01
        2.79585809e-01 2.08579883e-01 2.78106511e-01 7.69230798e-02
        4.28994074e-02 6.80473387e-01 1.99704140e-01 9.17159766e-02
        1.96745560e-01 3.13609481e-01 3.97929013e-01 7.98816606e-02
        2.58875757e-01 2.52958596e-01 4.08284038e-01 1.62721891e-02
        8.89053285e-01 1.62721891e-02 7.84023702e-02 5.62130176e-02
        7.89940834e-01 4.43786979e-02 1.09467454e-01 1.18343197e-01
        6.68639064e-01 2.07100585e-02 1.92307696e-01 2.17455626e-01
        2.70710051e-01 2.11538464e-01 3.00295860e-01 7.84023702e-02
        1.31656811e-01 4.98520702e-01 2.91420132e-01 8.72781053e-02
        3.00295860e-01 2.01183438e-01 4.11242604e-01 7.10059181e-02
        5.69526613e-01 1.39053255e-01 2.20414206e-01 6.50887564e-02
        8.22485209e-01 2.21893489e-02 9.02366862e-02 9.76331383e-02
        2.14497045e-01 4.80769247e-01 2.07100600e-01 1.33136094e-01
        3.46153855e-01 3.56508881e-01 1.64201185e-01 6.80473372e-02
        6.19822502e-01 1.64201185e-01 1.47928998e-01 3.84615399e-02
        2.45562136e-01 3.15088749e-01 4.00887579e-01 5.17751500e-02
        5.01479268e-01 1.19822487e-01 3.26923072e-01 7.84023702e-02
        6.42011821e-01 1.70118347e-01 1.09467454e-01 1.03550293e-02
        9.74852085e-01 0. 1.47928996e-02 1.37573972e-01 3.59467447e-01
        3.53550315e-01 1.49408281e-01 1.25739649e-01 2.57396460e-01
        3.65384609e-01 2.51479298e-01 5.76923080e-02 6.27218962e-01
        1.87869832e-01 1.27218932e-01 6.21301793e-02 3.16568047e-01
        2.75147945e-01 3.46153855e-01 7.69230798e-02 4.03846145e-01
        1.24260359e-01 3.94970417e-01 5.17751500e-02 6.43491149e-01
        1.15384616e-01 1.89349115e-01 8.87573976e-03 9.61538494e-01 0.
        2.95857992e-02 1.07988164e-01 6.92307711e-01 2.66272202e-02
        1.73076928e-01 1.09467454e-01 6.21301793e-02 6.46449685e-01
        1.81952670e-01 7.54437894e-02 4.49704140e-01 2.84023672e-01
        1.90828398e-01 1.09467454e-01 1.62721902e-01 3.34319532e-01
        3.93491119e-01 6.06508888e-02 5.05917192e-01 6.65680468e-02
        3.66863906e-01 3.69822495e-02 5.90236723e-01 1.55325443e-01
        2.17455626e-01 1.92307699e-02 9.33431983e-01 4.43786988e-03
        4.28994074e-02 1.84911251e-01 5.26627243e-01 5.91715984e-02
        2.29289949e-01 1.70118347e-01 1.64201185e-01 3.57988179e-01
        3.07692319e-01 1.22781068e-01 1.70118347e-01 4.55621302e-01
        2.51479298e-01 6.65680468e-02 2.57396460e-01 2.07100600e-01
        4.68934923e-01 6.36094660e-02 5.07396460e-01 8.57988149e-02
        3.43195260e-01 5.91715984e-02 6.93786979e-01 2.81065088e-02
        2.18934909e-01 6.36094660e-02 5.96153855e-01 2.23372787e-01
        1.16863906e-01 3.25443782e-02 9.09763336e-01 0. 5.76923080e-02
        1.30177513e-01 3.00295860e-01 3.78698230e-01 1.90828398e-01
        9.02366862e-02 9.91124287e-02 6.18343174e-01 1.92307696e-01</data></_>
    <_ type_id="opencv-matrix">
      <rows>1</rows>
      <cols>196</cols>
      <dt>f</dt>
      <data>
        1.49408281e-01 3.31360936e-01 1.56804740e-01 3.62426043e-01
        1.64201185e-01 3.15088749e-01 1.56804740e-01 3.63905340e-01
        1.71597630e-01 2.76627213e-01 1.93786979e-01 3.57988179e-01
        1.55325443e-01 4.09763306e-01 1.31656811e-01 3.03254455e-01
        1.56804740e-01 4.11242604e-01 1.25739649e-01 3.06213021e-01
        1.84911251e-01 3.01775157e-01 1.98224857e-01 3.15088749e-01
        1.64201185e-01 2.85502970e-01 2.30769232e-01 3.19526643e-01
        1.05029590e-01 4.18639064e-01 2.86982238e-01 1.89349115e-01
        1.36094674e-01 2.81065106e-01 3.62426043e-01 2.20414206e-01
        1.00591719e-01 1.13905326e-01 5.68047345e-01 2.17455626e-01
        9.02366862e-02 4.06804740e-01 1.73076928e-01 3.29881668e-01
        1.16863906e-01 5.63609481e-01 1.62721902e-01 1.56804740e-01
